Protein Identifier,A,R,N,D,C,Q,E,G,H,I,L,K,M,F,P,S,T,W,Y,V
Q9BYF1,0.063354037,0.038509317,0.067080745,0.053416149,0.009937888,0.047204969,0.069565217,0.053416149,0.019875776,0.049689441,0.094409938,0.058385093,0.033540373,0.048447205,0.045962733,0.067080745,0.048447205,0.028571429,0.040993789,0.062111801
P0DTC2,0.06205813,0.03299293,0.069128044,0.048703849,0.031421838,0.048703849,0.037706206,0.064414768,0.013354281,0.059701493,0.084838963,0.047918303,0.010997643,0.060487038,0.045561665,0.077769049,0.076197958,0.009426551,0.042419482,0.076197958
P68400,0.056265985,0.066496164,0.043478261,0.069053708,0.00511509,0.030690537,0.056265985,0.056265985,0.040920716,0.05370844,0.084398977,0.058823529,0.038363171,0.033248082,0.061381074,0.063938619,0.033248082,0.012787724,0.058823529,0.076726343
Q8NFJ9,0.094435076,0.05227656,0.037099494,0.037099494,0.013490725,0.038785835,0.062394604,0.060708263,0.02529511,0.035413153,0.148397976,0.050590219,0.02529511,0.032040472,0.064080944,0.065767285,0.059021922,0.005059022,0.02529511,0.067453626
Q3SYG4,0.050732807,0.042841037,0.037204059,0.060879369,0.02367531,0.06313416,0.062006764,0.058624577,0.022547914,0.043968433,0.124013529,0.051860203,0.019165727,0.046223224,0.042841037,0.083427283,0.059751973,0.010146561,0.022547914,0.074408117
Q9BXC9,0.072122053,0.055478502,0.05963939,0.063800277,0.015256588,0.031900139,0.055478502,0.067961165,0.033287101,0.067961165,0.104022191,0.038834951,0.022191401,0.038834951,0.031900139,0.079056865,0.058252427,0.00554785,0.027739251,0.07073509
Q8IWZ6,0.047552448,0.036363636,0.041958042,0.065734266,0.018181818,0.051748252,0.065734266,0.06013986,0.026573427,0.06993007,0.104895105,0.072727273,0.016783217,0.040559441,0.037762238,0.075524476,0.057342657,0.004195804,0.034965035,0.071328671
Q96RK4,0.105973025,0.023121387,0.052023121,0.030828516,0.015414258,0.065510597,0.075144509,0.044315992,0.02504817,0.040462428,0.12716763,0.080924855,0.023121387,0.034682081,0.046242775,0.057803468,0.046242775,0.009633911,0.046242775,0.050096339
Q15154,0.057312253,0.054841897,0.067193676,0.055335968,0.014328063,0.072134387,0.114624506,0.036067194,0.018774704,0.033102767,0.078557312,0.064229249,0.022727273,0.027667984,0.048913043,0.10770751,0.054841897,0.005434783,0.014328063,0.05187747
Q8N3I7,0.046920821,0.055718475,0.055718475,0.06744868,0.008797654,0.049853372,0.064516129,0.058651026,0.017595308,0.064516129,0.108504399,0.052785924,0.020527859,0.046920821,0.029325513,0.082111437,0.049853372,0.014662757,0.029325513,0.076246334
Q8TAM2,0.094269871,0.051756007,0.04805915,0.044362292,0.014787431,0.060998152,0.066543438,0.049907579,0.033271719,0.046210721,0.112754159,0.04805915,0.03142329,0.040665434,0.046210721,0.055452865,0.051756007,0.011090573,0.046210721,0.046210721
Q9NQ48,0.073578595,0.043478261,0.066889632,0.053511706,0.003344482,0.073578595,0.130434783,0.02006689,0.016722408,0.040133779,0.150501672,0.107023411,0.013377926,0.026755853,0.013377926,0.046822742,0.056856187,0.003344482,0.016722408,0.043478261
Q6ZW61,0.053521127,0.03943662,0.05915493,0.038028169,0.030985915,0.049295775,0.064788732,0.049295775,0.029577465,0.054929577,0.11971831,0.042253521,0.014084507,0.038028169,0.028169014,0.098591549,0.064788732,0.011267606,0.025352113,0.088732394
Q9NPJ1,0.050877193,0.036842105,0.035087719,0.038596491,0.045614035,0.036842105,0.052631579,0.059649123,0.033333333,0.063157895,0.157894737,0.049122807,0.014035088,0.022807018,0.040350877,0.092982456,0.080701754,0.00877193,0.015789474,0.064912281
A8MTZ0,0.076086957,0.043478261,0.043478261,0.032608696,0.010869565,0.076086957,0.086956522,0.02173913,0.02173913,0.043478261,0.119565217,0.119565217,0.076086957,0.02173913,0.054347826,0.054347826,0.054347826,0,0,0.043478261
Q3V3N7,0.091062395,0.05227656,0.02698145,0.040472175,0.011804384,0.042158516,0.057335582,0.057335582,0.02529511,0.032040472,0.143338954,0.055649241,0.02529511,0.032040472,0.062394604,0.074198988,0.064080944,0.005059022,0.02529511,0.075885329
Q9CWF6,0.066574202,0.05409154,0.05963939,0.067961165,0.015256588,0.034674064,0.05409154,0.067961165,0.029126214,0.05963939,0.104022191,0.040221914,0.023578363,0.040221914,0.034674064,0.080443828,0.056865465,0.00554785,0.029126214,0.07628294
P61006,0.062801932,0.062801932,0.057971014,0.072463768,0.014492754,0.033816425,0.057971014,0.06763285,0.004830918,0.09178744,0.072463768,0.096618357,0.028985507,0.062801932,0.009661836,0.057971014,0.062801932,0.009661836,0.028985507,0.043478261
Q96QF0,0.069327731,0.046218487,0.027310924,0.048319328,0.025210084,0.050420168,0.088235294,0.050420168,0.014705882,0.039915966,0.102941176,0.075630252,0.018907563,0.035714286,0.054621849,0.100840336,0.06092437,0.004201681,0.031512605,0.054621849
P48553,0.058776807,0.043685465,0.034154091,0.048451152,0.023828435,0.048451152,0.074662431,0.041302621,0.032565528,0.038919778,0.113582208,0.052422558,0.021445592,0.04050834,0.054805401,0.096902303,0.055599682,0.015091342,0.030976966,0.073868149
Q8NCK7,0.140939597,0.03803132,0.004474273,0.029082774,0.008948546,0.017897092,0.013422819,0.149888143,0.011185682,0.015659955,0.1901566,0,0.013422819,0.044742729,0.087248322,0.06935123,0.042505593,0.022371365,0.020134228,0.080536913
Q96Q05,0.054878049,0.053135889,0.033101045,0.044425087,0.020905923,0.047909408,0.071428571,0.06445993,0.029616725,0.044425087,0.113240418,0.049651568,0.014808362,0.045296167,0.059233449,0.084494774,0.049651568,0.008710801,0.032229965,0.078397213
Q08850,0.05704698,0.073825503,0.046979866,0.040268456,0.006711409,0.083892617,0.120805369,0.036912752,0.020134228,0.080536913,0.083892617,0.070469799,0.033557047,0.020134228,0.013422819,0.067114094,0.05033557,0,0.010067114,0.083892617
P63045,0.129310345,0.051724138,0.034482759,0.060344828,0.00862069,0.060344828,0.043103448,0.043103448,0,0.086206897,0.086206897,0.060344828,0.034482759,0.017241379,0.068965517,0.051724138,0.051724138,0.017241379,0.017241379,0.077586207
P27986,0.052486188,0.05801105,0.052486188,0.05801105,0.008287293,0.051104972,0.092541436,0.044198895,0.020718232,0.052486188,0.104972376,0.075966851,0.01519337,0.026243094,0.052486188,0.070441989,0.051104972,0.011049724,0.051104972,0.051104972
P0DJI6,0.075471698,0.103773585,0.018867925,0.047169811,0.056603774,0.047169811,0.047169811,0.150943396,0.028301887,0.028301887,0.08490566,0.018867925,0.028301887,0.028301887,0.066037736,0.075471698,0.066037736,0,0.009433962,0.018867925
Q9R1E0,0.082822086,0.038343558,0.061349693,0.049079755,0.012269939,0.04601227,0.033742331,0.069018405,0.024539877,0.018404908,0.075153374,0.038343558,0.041411043,0.024539877,0.104294479,0.151840491,0.052147239,0.013803681,0.01993865,0.042944785
Q9H0F7,0.037634409,0.043010753,0.043010753,0.069892473,0.016129032,0.048387097,0.048387097,0.059139785,0.02688172,0.080645161,0.129032258,0.091397849,0.021505376,0.037634409,0.02688172,0.080645161,0.043010753,0.016129032,0.016129032,0.064516129
O09044,0.061904762,0.052380952,0.09047619,0.071428571,0.023809524,0.071428571,0.09047619,0.076190476,0.004761905,0.080952381,0.071428571,0.071428571,0.033333333,0.004761905,0.023809524,0.057142857,0.076190476,0.004761905,0.00952381,0.023809524
O95273,0.094444444,0.041666667,0.047222222,0.066666667,0.019444444,0.052777778,0.086111111,0.019444444,0.022222222,0.055555556,0.122222222,0.047222222,0.027777778,0.019444444,0.058333333,0.063888889,0.052777778,0.011111111,0.016666667,0.075
P78371,0.123364486,0.048598131,0.029906542,0.061682243,0.011214953,0.024299065,0.072897196,0.078504673,0.029906542,0.076635514,0.104672897,0.069158879,0.028037383,0.022429907,0.022429907,0.057943925,0.056074766,0.001869159,0.011214953,0.069158879
P55042,0.103896104,0.107142857,0.016233766,0.068181818,0.012987013,0.029220779,0.064935065,0.116883117,0.019480519,0.029220779,0.077922078,0.042207792,0.019480519,0.022727273,0.038961039,0.087662338,0.035714286,0.012987013,0.016233766,0.077922078
Q9Y4H2,0.112107623,0.061285501,0.023168909,0.036621824,0.015695067,0.029895366,0.041853513,0.118086697,0.025411061,0.017189836,0.072496263,0.029147982,0.017189836,0.019431988,0.13303438,0.132286996,0.03961136,0.005231689,0.027653214,0.042600897
Q60700,0.057432432,0.066441441,0.022522523,0.051801802,0.02027027,0.03490991,0.081081081,0.102477477,0.027027027,0.029279279,0.105855856,0.047297297,0.019144144,0.02027027,0.096846847,0.097972973,0.045045045,0.013513514,0.011261261,0.04954955
P37238,0.061386139,0.03960396,0.033663366,0.069306931,0.01980198,0.045544554,0.069306931,0.043564356,0.031683168,0.069306931,0.100990099,0.075247525,0.035643564,0.053465347,0.051485149,0.069306931,0.045544554,0.001980198,0.035643564,0.047524752
P05026,0.02640264,0.04950495,0.04620462,0.04950495,0.02310231,0.03960396,0.082508251,0.085808581,0.00330033,0.062706271,0.079207921,0.102310231,0.01650165,0.059405941,0.066006601,0.04290429,0.03960396,0.01320132,0.059405941,0.052805281
O76024,0.080898876,0.058426966,0.025842697,0.039325843,0.02247191,0.030337079,0.062921348,0.052808989,0.020224719,0.04494382,0.12247191,0.050561798,0.021348315,0.058426966,0.056179775,0.073033708,0.053932584,0.020224719,0.029213483,0.076404494
Q14643,0.054387237,0.055837563,0.053299492,0.056200145,0.021754895,0.045685279,0.083031182,0.051849166,0.026105874,0.0551124,0.112762872,0.060913706,0.025743292,0.044960116,0.035895577,0.066352429,0.047498187,0.007614213,0.025380711,0.069615664
Q96EB6,0.088353414,0.054886212,0.03480589,0.077643909,0.025435074,0.037483266,0.101740295,0.06961178,0.016064257,0.057563588,0.076305221,0.045515395,0.013386881,0.029451138,0.085676037,0.076305221,0.033467202,0.005354752,0.021419009,0.049531459
P06213,0.047756874,0.059334298,0.052098408,0.05065123,0.034008683,0.027496382,0.076700434,0.066570188,0.026772793,0.047756874,0.098408104,0.048480463,0.02170767,0.042691751,0.059334298,0.075976845,0.049927641,0.01447178,0.036903039,0.062952243
Q80U30,0.057915058,0.049227799,0.046332046,0.056949807,0.014478764,0.03957529,0.068532819,0.044401544,0.035714286,0.055019305,0.113899614,0.047297297,0.025096525,0.03957529,0.056949807,0.095559846,0.056949807,0.004826255,0.027992278,0.063706564
P20393,0.063517915,0.058631922,0.060260586,0.03257329,0.024429967,0.050488599,0.045602606,0.06514658,0.027687296,0.021172638,0.089576547,0.034201954,0.029315961,0.042345277,0.089576547,0.133550489,0.057003257,0.004885993,0.017915309,0.052117264
Q8BH75,0.069400631,0.063091483,0.05362776,0.041009464,0.044164038,0.072555205,0.085173502,0.044164038,0.03785489,0.056782334,0.078864353,0.034700315,0.03785489,0.015772871,0.05362776,0.05362776,0.034700315,0.012618297,0.018927445,0.09148265
Q00535,0.054794521,0.054794521,0.044520548,0.071917808,0.02739726,0.030821918,0.058219178,0.054794521,0.023972603,0.037671233,0.136986301,0.078767123,0.01369863,0.051369863,0.065068493,0.047945205,0.04109589,0.010273973,0.034246575,0.061643836
O35567,0.116554054,0.055743243,0.033783784,0.0625,0.015202703,0.028716216,0.054054054,0.069256757,0.021959459,0.045608108,0.094594595,0.057432432,0.016891892,0.032094595,0.04222973,0.070945946,0.048986486,0.008445946,0.028716216,0.096283784
P15127,0.041937816,0.056399132,0.052783803,0.052783803,0.033984093,0.0274765,0.07736804,0.065075922,0.026753435,0.048445409,0.09472162,0.04989154,0.023861171,0.042660882,0.061460593,0.076644975,0.052783803,0.014461316,0.037599422,0.062906725
P48356,0.042168675,0.031841652,0.049913941,0.047332186,0.032702238,0.040447504,0.056798623,0.043889845,0.022375215,0.049053356,0.099827883,0.055077453,0.020654045,0.043889845,0.063683305,0.10757315,0.055077453,0.0232358,0.032702238,0.081755594
P62491,0.074074074,0.069444444,0.060185185,0.064814815,0.009259259,0.037037037,0.069444444,0.050925926,0.018518519,0.069444444,0.074074074,0.055555556,0.018518519,0.032407407,0.027777778,0.074074074,0.069444444,0.009259259,0.037037037,0.078703704
Q9WVH4,0.081845238,0.046130952,0.047619048,0.069940476,0.007440476,0.05952381,0.035714286,0.083333333,0.013392857,0.020833333,0.098214286,0.029761905,0.037202381,0.020833333,0.077380952,0.165178571,0.044642857,0.013392857,0.011904762,0.035714286
Q14449,0.07037037,0.053703704,0.031481481,0.05,0.022222222,0.048148148,0.059259259,0.061111111,0.040740741,0.05,0.088888889,0.066666667,0.024074074,0.051851852,0.055555556,0.090740741,0.046296296,0.012962963,0.031481481,0.044444444
P35568,0.079710145,0.069243156,0.028180354,0.039452496,0.016908213,0.035426731,0.051529791,0.103864734,0.03784219,0.022544283,0.062801932,0.033011272,0.025764895,0.022544283,0.101449275,0.146537842,0.048309179,0.005636071,0.025764895,0.043478261
F1MWF1,0.049921997,0.047581903,0.042121685,0.050702028,0.026521061,0.039781591,0.072542902,0.063182527,0.018720749,0.05850234,0.089703588,0.063962559,0.023400936,0.031981279,0.050702028,0.070982839,0.065522621,0.016380655,0.035101404,0.082683307
O14901,0.08203125,0.060546875,0.017578125,0.052734375,0.0390625,0.044921875,0.041015625,0.05859375,0.03125,0.02734375,0.08984375,0.044921875,0.0234375,0.02734375,0.103515625,0.095703125,0.076171875,0.0078125,0.005859375,0.0703125
A2A935,0.06745098,0.047843137,0.032941176,0.058823529,0.02745098,0.035294118,0.082352941,0.06745098,0.034509804,0.031372549,0.082352941,0.065882353,0.021176471,0.042352941,0.095686275,0.094117647,0.04627451,0.003921569,0.025882353,0.036862745
Q9NTG7,0.080200501,0.090225564,0.015037594,0.052631579,0.01754386,0.030075188,0.050125313,0.100250627,0.020050125,0.030075188,0.110275689,0.027568922,0.012531328,0.055137845,0.085213033,0.070175439,0.030075188,0.012531328,0.01754386,0.09273183
P56726,0.089533417,0.064312736,0.031525851,0.034047919,0.032786885,0.031525851,0.050441362,0.075662043,0.023959647,0.04035309,0.102143758,0.037831021,0.018915511,0.047919294,0.075662043,0.069356873,0.054224464,0.023959647,0.022698613,0.073139975
P38646,0.104565538,0.053019146,0.039764359,0.06185567,0.00736377,0.051546392,0.078055965,0.082474227,0.011782032,0.057437408,0.070692194,0.076583211,0.026509573,0.027982327,0.032400589,0.060382916,0.06185567,0.002945508,0.016200295,0.076583211
Q3UJU9,0.104255319,0.074468085,0.019148936,0.061702128,0.012765957,0.053191489,0.104255319,0.080851064,0.019148936,0.019148936,0.121276596,0.05106383,0.010638298,0.031914894,0.021276596,0.1,0.031914894,0.012765957,0.025531915,0.044680851
P21796,0.074204947,0.024734982,0.067137809,0.049469965,0.007067138,0.028268551,0.053003534,0.113074205,0.010600707,0.038869258,0.098939929,0.088339223,0.010600707,0.049469965,0.021201413,0.06360424,0.106007067,0.014134276,0.038869258,0.042402827
O75376,0.067622951,0.070491803,0.032786885,0.042213115,0.006557377,0.065163934,0.091393443,0.053688525,0.025819672,0.044672131,0.055737705,0.058196721,0.018852459,0.017213115,0.096721311,0.112295082,0.060245902,0.003278689,0.024180328,0.052868852
Q63503,0.063414634,0.056910569,0.060162602,0.032520325,0.02601626,0.048780488,0.043902439,0.068292683,0.02601626,0.019512195,0.092682927,0.035772358,0.027642276,0.042276423,0.084552846,0.133333333,0.061788618,0.004878049,0.017886179,0.053658537
O88848,0.037634409,0.037634409,0.032258065,0.080645161,0.016129032,0.048387097,0.043010753,0.064516129,0.02688172,0.080645161,0.123655914,0.096774194,0.021505376,0.037634409,0.02688172,0.091397849,0.037634409,0.016129032,0.016129032,0.064516129
Q02248,0.102432778,0.04993598,0.039692702,0.053777209,0.014084507,0.062740077,0.061459667,0.071702945,0.034571063,0.042253521,0.120358515,0.033290653,0.038412292,0.016645327,0.043533931,0.053777209,0.061459667,0.008962868,0.021766965,0.069142125
P11881,0.053473991,0.056020371,0.052746453,0.055656602,0.021826119,0.046562386,0.083303019,0.051655147,0.026191342,0.05638414,0.113859585,0.060385595,0.025100036,0.044743543,0.036376864,0.065478356,0.049472535,0.007639142,0.025827574,0.067297199
Q9UBK2,0.038847118,0.078947368,0.050125313,0.076441103,0.025062657,0.051378446,0.080200501,0.036340852,0.020050125,0.026315789,0.081453634,0.058897243,0.007518797,0.032581454,0.06641604,0.140350877,0.058897243,0.007518797,0.036340852,0.026315789
P30405,0.053140097,0.048309179,0.043478261,0.048309179,0.028985507,0.014492754,0.028985507,0.125603865,0.024154589,0.033816425,0.082125604,0.077294686,0.019323671,0.053140097,0.053140097,0.106280193,0.053140097,0.009661836,0.014492754,0.082125604
Q15907,0.082568807,0.064220183,0.064220183,0.073394495,0.009174312,0.036697248,0.068807339,0.055045872,0.018348624,0.068807339,0.082568807,0.059633028,0.009174312,0.032110092,0.02293578,0.068807339,0.064220183,0.009174312,0.036697248,0.073394495
P70452,0.05704698,0.073825503,0.046979866,0.040268456,0.006711409,0.083892617,0.120805369,0.040268456,0.020134228,0.080536913,0.083892617,0.070469799,0.033557047,0.020134228,0.013422819,0.063758389,0.05033557,0,0.010067114,0.083892617
Q60770,0.052364865,0.050675676,0.038851351,0.072635135,0.027027027,0.030405405,0.074324324,0.035472973,0.016891892,0.069256757,0.094594595,0.10472973,0.027027027,0.032094595,0.043918919,0.072635135,0.048986486,0.011824324,0.033783784,0.0625
Q57UH8,0.084656085,0.042328042,0.031746032,0.052910053,0.010582011,0.037037037,0.052910053,0.100529101,0.026455026,0.047619048,0.074074074,0.079365079,0.031746032,0.058201058,0.021164021,0.063492063,0.074074074,0.010582011,0.015873016,0.084656085
P63044,0.129310345,0.051724138,0.034482759,0.060344828,0.00862069,0.060344828,0.043103448,0.043103448,0,0.086206897,0.086206897,0.060344828,0.034482759,0.017241379,0.068965517,0.051724138,0.051724138,0.017241379,0.017241379,0.077586207
