Protein Identifier,A,R,N,D,C,Q,E,G,H,I,L,K,M,F,P,S,T,W,Y,V
P09798,0.075,0.036904761904761905,0.09285714285714286,0.06547619047619048,0.01904761904761905,0.03571428571428571,0.05238095238095238,0.03214285714285714,0.02023809523809524,0.04285714285714286,0.11071428571428571,0.07380952380952381,0.02619047619047619,0.04047619047619048,0.03214285714285714,0.09166666666666666,0.05952380952380952,0.007142857142857143,0.04285714285714286,0.04285714285714286
P05453,0.06277372262773723,0.026277372262773723,0.06569343065693431,0.043795620437956206,0.0072992700729927005,0.07737226277372262,0.08321167883211679,0.08759124087591241,0.01897810218978102,0.04671532846715328,0.051094890510948905,0.09635036496350365,0.027737226277372264,0.02335766423357664,0.043795620437956206,0.051094890510948905,0.05693430656934306,0.00583941605839416,0.051094890510948905,0.072992700729927
P53886,0.04862700228832952,0.041189931350114416,0.05148741418764302,0.06350114416475973,0.011441647597254004,0.033752860411899316,0.05663615560640732,0.05434782608695652,0.018306636155606407,0.07551487414187644,0.11784897025171624,0.06178489702517163,0.020594965675057208,0.04462242562929062,0.041189931350114416,0.10812356979405034,0.05434782608695652,0.010869565217391304,0.034324942791762014,0.05148741418764302
P16522,0.0670926517571885,0.04472843450479233,0.052715654952076675,0.06549520766773163,0.022364217252396165,0.04952076677316294,0.07987220447284345,0.038338658146964855,0.01437699680511182,0.05591054313099041,0.1134185303514377,0.07507987220447285,0.027156549520766772,0.054313099041533544,0.01437699680511182,0.07348242811501597,0.04153354632587859,0.01597444089456869,0.05750798722044728,0.036741214057507986
P06701,0.0408997955010225,0.041922290388548056,0.06646216768916155,0.05725971370143149,0.007157464212678937,0.03578732106339468,0.09100204498977506,0.041922290388548056,0.013292433537832311,0.08895705521472393,0.08282208588957055,0.09713701431492842,0.022494887525562373,0.03783231083844581,0.03885480572597137,0.09406952965235174,0.04805725971370143,0.009202453987730062,0.024539877300613498,0.06032719836400818
P38930,0.027131782945736434,0.05426356589147287,0.01937984496124031,0.09302325581395349,0.023255813953488372,0.046511627906976744,0.05813953488372093,0.06201550387596899,0.027131782945736434,0.050387596899224806,0.10077519379844961,0.07364341085271318,0.031007751937984496,0.046511627906976744,0.04263565891472868,0.07364341085271318,0.04263565891472868,0.007751937984496124,0.05426356589147287,0.06589147286821706
Q04921,0.03309692671394799,0.04964539007092199,0.08037825059101655,0.09219858156028368,0.01182033096926714,0.030732860520094562,0.06619385342789598,0.04964539007092199,0.02127659574468085,0.07328605200945626,0.09929078014184398,0.08747044917257683,0.01182033096926714,0.026004728132387706,0.03309692671394799,0.07328605200945626,0.0591016548463357,0.002364066193853428,0.04018912529550828,0.0591016548463357
P19736,0.03773584905660377,0.06792452830188679,0.04905660377358491,0.05849056603773585,0.013207547169811321,0.04716981132075472,0.11509433962264151,0.033962264150943396,0.022641509433962263,0.0509433962264151,0.10943396226415095,0.09245283018867924,0.020754716981132074,0.0509433962264151,0.03773584905660377,0.07169811320754717,0.03207547169811321,0.007547169811320755,0.04905660377358491,0.03207547169811321
P38042,0.06728232189973615,0.029023746701846966,0.11081794195250659,0.036939313984168866,0.021108179419525065,0.05013192612137203,0.0395778364116095,0.030343007915567283,0.026385224274406333,0.059366754617414245,0.11345646437994723,0.06596306068601583,0.021108179419525065,0.03562005277044855,0.040897097625329816,0.11081794195250659,0.055408970976253295,0.006596306068601583,0.047493403693931395,0.0316622691292876
P43639,0.04316546762589928,0.046762589928057555,0.02158273381294964,0.07913669064748201,0.03237410071942446,0.039568345323741004,0.12949640287769784,0.05755395683453238,0.02877697841726619,0.02877697841726619,0.07553956834532374,0.0539568345323741,0.025179856115107913,0.06474820143884892,0.046762589928057555,0.07913669064748201,0.03597122302158273,0.014388489208633094,0.04316546762589928,0.0539568345323741
P11978,0.04344624447717231,0.035346097201767304,0.07363770250368189,0.05670103092783505,0.003681885125184094,0.04197349042709867,0.07952871870397643,0.028718703976435934,0.01914580265095729,0.06553755522827688,0.06774668630338733,0.11634756995581738,0.014727540500736377,0.027245949926362298,0.05670103092783505,0.12812960235640647,0.07216494845360824,0.004418262150220913,0.015463917525773196,0.04933726067746686
P21182,0.03787878787878788,0.022727272727272728,0.050505050505050504,0.0707070707070707,0.020202020202020204,0.03535353535353535,0.07575757575757576,0.03535353535353535,0.030303030303030304,0.047979797979797977,0.10101010101010101,0.08838383838383838,0.022727272727272728,0.0707070707070707,0.03282828282828283,0.0707070707070707,0.07828282828282829,0.015151515151515152,0.047979797979797977,0.045454545454545456
P17555,0.07984790874524715,0.024714828897338403,0.058935361216730035,0.058935361216730035,0.0076045627376425855,0.04182509505703422,0.06844106463878327,0.055133079847908745,0.009505703422053232,0.057034220532319393,0.06844106463878327,0.08745247148288973,0.013307984790874524,0.03802281368821293,0.06653992395437262,0.11026615969581749,0.058935361216730035,0.009505703422053232,0.028517110266159697,0.057034220532319393
Q12060,0.055327868852459015,0.0430327868852459,0.09836065573770492,0.06147540983606557,0.006147540983606557,0.022540983606557378,0.07377049180327869,0.055327868852459015,0.020491803278688523,0.06762295081967214,0.10860655737704918,0.06762295081967214,0.020491803278688523,0.02663934426229508,0.05327868852459016,0.09631147540983606,0.045081967213114756,0.00819672131147541,0.028688524590163935,0.040983606557377046
P08524,0.07954545454545454,0.03125,0.036931818181818184,0.06818181818181818,0.017045454545454544,0.03977272727272727,0.08806818181818182,0.045454545454545456,0.014204545454545454,0.06534090909090909,0.10511363636363637,0.09943181818181818,0.019886363636363636,0.045454545454545456,0.02556818181818182,0.05113636363636364,0.04261363636363636,0.011363636363636364,0.056818181818181816,0.056818181818181816
P21264,0.0840630472854641,0.03852889667250438,0.047285464098073555,0.043782837127845885,0.01576182136602452,0.02626970227670753,0.0647985989492119,0.06304728546409807,0.024518388791593695,0.07705779334500876,0.09807355516637478,0.06830122591943957,0.028021015761821366,0.02626970227670753,0.05604203152364273,0.06830122591943957,0.0542907180385289,0.0017513134851138354,0.028021015761821366,0.08581436077057793
P00812,0.07807807807807808,0.024024024024024024,0.03903903903903904,0.06306306306306306,0.018018018018018018,0.012012012012012012,0.06006006006006006,0.10510510510510511,0.03003003003003003,0.06306306306306306,0.10510510510510511,0.06606606606606606,0.03003003003003003,0.018018018018018018,0.05405405405405406,0.06606606606606606,0.04804804804804805,0.009009009009009009,0.03303303303303303,0.07807807807807808
P32459,0.05128205128205128,0.03076923076923077,0.046153846153846156,0.041025641025641026,0.02564102564102564,0.046153846153846156,0.08717948717948718,0.05641025641025641,0.03076923076923077,0.06153846153846154,0.08205128205128205,0.05641025641025641,0.020512820512820513,0.035897435897435895,0.05128205128205128,0.07692307692307693,0.07179487179487179,0.010256410256410256,0.02564102564102564,0.09230769230769231
P21705,0.03529411764705882,0.06274509803921569,0.043137254901960784,0.06666666666666667,0.00784313725490196,0.054901960784313725,0.06666666666666667,0.03529411764705882,0.03529411764705882,0.054901960784313725,0.11372549019607843,0.07058823529411765,0.023529411764705882,0.03137254901960784,0.08235294117647059,0.12156862745098039,0.03529411764705882,0.00784313725490196,0.0196078431372549,0.03137254901960784
P38122,0.05128205128205128,0.022435897435897436,0.038461538461538464,0.04807692307692308,0.022435897435897436,0.041666666666666664,0.04807692307692308,0.07371794871794872,0.016025641025641024,0.0673076923076923,0.08333333333333333,0.08333333333333333,0.04487179487179487,0.041666666666666664,0.02564102564102564,0.09294871794871795,0.07692307692307693,0.009615384615384616,0.03205128205128205,0.08012820512820513
P51601,0.053497942386831275,0.07818930041152264,0.02880658436213992,0.037037037037037035,0.012345679012345678,0.0411522633744856,0.09876543209876543,0.06172839506172839,0.03292181069958848,0.07818930041152264,0.09053497942386832,0.053497942386831275,0.0411522633744856,0.02880658436213992,0.0411522633744856,0.053497942386831275,0.06584362139917696,0.00411522633744856,0.02880658436213992,0.06995884773662552
Q06549,0.07042253521126761,0.04929577464788732,0.056338028169014086,0.035211267605633804,0.06338028169014084,0.028169014084507043,0.056338028169014086,0.07746478873239436,0.02112676056338028,0.056338028169014086,0.07042253521126761,0.04225352112676056,0.056338028169014086,0.04225352112676056,0.035211267605633804,0.09859154929577464,0.028169014084507043,0.007042253521126761,0.02112676056338028,0.08450704225352113
P38986,0.06036745406824147,0.023622047244094488,0.05249343832020997,0.06036745406824147,0.026246719160104987,0.03937007874015748,0.049868766404199474,0.07611548556430446,0.01837270341207349,0.08923884514435695,0.07874015748031496,0.06036745406824147,0.01837270341207349,0.028871391076115485,0.05249343832020997,0.09186351706036745,0.049868766404199474,0.0,0.04461942257217848,0.07874015748031496
P00927,0.07118055555555555,0.05555555555555555,0.04513888888888889,0.046875,0.008680555555555556,0.03993055555555555,0.059027777777777776,0.07118055555555555,0.03125,0.059027777777777776,0.0954861111111111,0.059027777777777776,0.017361111111111112,0.03993055555555555,0.046875,0.06944444444444445,0.052083333333333336,0.001736111111111111,0.034722222222222224,0.0954861111111111
P40073,0.07901907356948229,0.04904632152588556,0.08991825613079019,0.0653950953678474,0.005449591280653951,0.035422343324250684,0.035422343324250684,0.05722070844686648,0.01634877384196185,0.08991825613079019,0.05722070844686648,0.0326975476839237,0.01634877384196185,0.04632152588555858,0.043596730245231606,0.1008174386920981,0.07356948228882834,0.01907356948228883,0.051771117166212535,0.035422343324250684
P40054,0.0767590618336887,0.02771855010660981,0.06609808102345416,0.042643923240938165,0.010660980810234541,0.046908315565031986,0.06183368869936034,0.06183368869936034,0.023454157782515993,0.08742004264392324,0.09168443496801706,0.04904051172707889,0.021321961620469083,0.02771855010660981,0.03624733475479744,0.09381663113006397,0.06183368869936034,0.006396588486140725,0.029850746268656716,0.0767590618336887
P23337,0.06638418079096045,0.05508474576271186,0.06073446327683616,0.07062146892655367,0.009887005649717515,0.025423728813559324,0.06779661016949153,0.06073446327683616,0.029661016949152543,0.0480225988700565,0.1016949152542373,0.05790960451977401,0.018361581920903956,0.0480225988700565,0.04096045197740113,0.052259887005649715,0.05367231638418079,0.011299435028248588,0.043785310734463276,0.07768361581920905
P05373,0.09941520467836257,0.06140350877192982,0.038011695906432746,0.07017543859649122,0.02631578947368421,0.017543859649122806,0.05555555555555555,0.07602339181286549,0.02631578947368421,0.07602339181286549,0.09941520467836257,0.043859649122807015,0.017543859649122806,0.04093567251461988,0.05847953216374269,0.05555555555555555,0.038011695906432746,0.005847953216374269,0.04093567251461988,0.05263157894736842
P53226,0.04753199268738574,0.05850091407678245,0.06398537477148081,0.056672760511883,0.007312614259597806,0.04021937842778794,0.05850091407678245,0.06581352833638025,0.02376599634369287,0.0712979890310786,0.062157221206581355,0.04753199268738574,0.025594149908592323,0.04753199268738574,0.062157221206581355,0.12614259597806216,0.0603290676416819,0.005484460694698354,0.025594149908592323,0.043875685557586835
P38795,0.058823529411764705,0.058823529411764705,0.04481792717086835,0.06162464985994398,0.02661064425770308,0.03361344537815126,0.06022408963585434,0.06582633053221289,0.022408963585434174,0.0700280112044818,0.10224089635854341,0.05182072829131653,0.029411764705882353,0.04201680672268908,0.047619047619047616,0.06862745098039216,0.049019607843137254,0.014005602240896359,0.0350140056022409,0.05742296918767507
P12383,0.03932584269662921,0.040262172284644196,0.09269662921348315,0.05337078651685393,0.02247191011235955,0.03651685393258427,0.05898876404494382,0.03932584269662921,0.02247191011235955,0.06179775280898876,0.09082397003745318,0.06647940074906367,0.020599250936329586,0.06179775280898876,0.03745318352059925,0.10486891385767791,0.054307116104868915,0.00749063670411985,0.03464419475655431,0.054307116104868915
P48361,0.06282722513089005,0.03228621291448516,0.07591623036649214,0.0462478184991274,0.006108202443280977,0.05846422338568935,0.03926701570680628,0.0506108202443281,0.027923211169284468,0.053228621291448515,0.06980802792321117,0.07853403141361257,0.02181500872600349,0.03577661431064572,0.05846422338568935,0.12216404886561955,0.07766143106457242,0.004363001745200698,0.037521815008726006,0.04101221640488656
P17423,0.07563025210084033,0.047619047619047616,0.047619047619047616,0.047619047619047616,0.022408963585434174,0.0392156862745098,0.056022408963585436,0.0784313725490196,0.011204481792717087,0.06722689075630252,0.11204481792717087,0.036414565826330535,0.0196078431372549,0.028011204481792718,0.08123249299719888,0.06722689075630252,0.06162464985994398,0.0056022408963585435,0.03081232492997199,0.06442577030812324
P32505,0.07809523809523809,0.05142857142857143,0.06857142857142857,0.03238095238095238,0.04,0.11619047619047619,0.06476190476190476,0.05904761904761905,0.022857142857142857,0.0380952380952381,0.05904761904761905,0.05904761904761905,0.02095238095238095,0.0380952380952381,0.09523809523809523,0.049523809523809526,0.045714285714285714,0.0019047619047619048,0.011428571428571429,0.047619047619047616
P08536,0.060665362035225046,0.06262230919765166,0.0410958904109589,0.07045009784735812,0.0019569471624266144,0.04500978473581213,0.06262230919765166,0.06653620352250489,0.0273972602739726,0.07632093933463796,0.10176125244618395,0.043052837573385516,0.009784735812133072,0.043052837573385516,0.05870841487279843,0.06262230919765166,0.046966731898238745,0.011741682974559686,0.03718199608610567,0.07045009784735812
P06700,0.051601423487544484,0.033807829181494664,0.06227758007117438,0.060498220640569395,0.019572953736654804,0.030249110320284697,0.046263345195729534,0.04804270462633452,0.030249110320284697,0.07295373665480427,0.09430604982206406,0.08718861209964412,0.023131672597864767,0.03914590747330961,0.06227758007117438,0.07473309608540925,0.05338078291814947,0.005338078291814947,0.03914590747330961,0.06583629893238434
P04387,0.06896551724137931,0.034482758620689655,0.06206896551724138,0.03908045977011494,0.004597701149425287,0.041379310344827586,0.04827586206896552,0.0735632183908046,0.022988505747126436,0.08735632183908046,0.09195402298850575,0.05517241379310345,0.022988505747126436,0.04597701149425287,0.04827586206896552,0.08505747126436781,0.052873563218390804,0.006896551724137931,0.05057471264367816,0.05747126436781609
P38274,0.03869407496977025,0.04353083434099154,0.06287787182587666,0.056831922611850064,0.014510278113663845,0.04353083434099154,0.06529625151148731,0.030229746070133012,0.02902055622732769,0.06771463119709795,0.1185006045949214,0.060459492140266025,0.016928657799274487,0.041112454655380895,0.0592503022974607,0.09794437726723096,0.044740024183796856,0.016928657799274487,0.037484885126964934,0.05441354292623942
P21374,0.04680851063829787,0.07234042553191489,0.07234042553191489,0.05106382978723404,0.00425531914893617,0.059574468085106386,0.09787234042553192,0.03404255319148936,0.029787234042553193,0.0425531914893617,0.08085106382978724,0.11063829787234042,0.029787234042553193,0.02127659574468085,0.02553191489361702,0.06382978723404255,0.03829787234042553,0.029787234042553193,0.03404255319148936,0.05531914893617021
P38862,0.05555555555555555,0.044444444444444446,0.049206349206349205,0.07301587301587302,0.022222222222222223,0.03333333333333333,0.05555555555555555,0.03968253968253968,0.020634920634920634,0.05714285714285714,0.12698412698412698,0.06984126984126984,0.01746031746031746,0.050793650793650794,0.044444444444444446,0.08412698412698413,0.044444444444444446,0.015873015873015872,0.023809523809523808,0.07142857142857142
P38785,0.025477707006369428,0.03821656050955414,0.08917197452229299,0.0732484076433121,0.006369426751592357,0.03503184713375796,0.06050955414012739,0.041401273885350316,0.03184713375796178,0.03503184713375796,0.08280254777070063,0.07961783439490445,0.03184713375796178,0.03821656050955414,0.06687898089171974,0.1305732484076433,0.06369426751592357,0.0031847133757961785,0.01910828025477707,0.04777070063694268
P33420,0.03571428571428571,0.03571428571428571,0.07949308755760369,0.055299539170506916,0.009216589861751152,0.052995391705069124,0.097926267281106,0.029953917050691243,0.01728110599078341,0.07603686635944701,0.15207373271889402,0.097926267281106,0.012672811059907835,0.03456221198156682,0.01728110599078341,0.0748847926267281,0.05184331797235023,0.004608294930875576,0.026497695852534562,0.038018433179723504
P48581,0.034912718204488775,0.04488778054862843,0.06483790523690773,0.07481296758104738,0.017456359102244388,0.0199501246882793,0.08728179551122195,0.04488778054862843,0.022443890274314215,0.08728179551122195,0.09476309226932668,0.0773067331670823,0.017456359102244388,0.05486284289276808,0.02493765586034913,0.09476309226932668,0.057356608478802994,0.0,0.02493765586034913,0.05486284289276808
P32628,0.12060301507537688,0.035175879396984924,0.035175879396984924,0.05527638190954774,0.010050251256281407,0.06281407035175879,0.11557788944723618,0.07537688442211055,0.005025125628140704,0.03768844221105527,0.0728643216080402,0.03768844221105527,0.02512562814070352,0.02763819095477387,0.06030150753768844,0.0728643216080402,0.07537688442211055,0.0,0.01507537688442211,0.06030150753768844
P38147,0.04174573055028463,0.03795066413662239,0.06451612903225806,0.0683111954459203,0.018975332068311195,0.04174573055028463,0.056925996204933584,0.05313092979127135,0.024667931688804556,0.0683111954459203,0.12144212523719165,0.07020872865275142,0.018975332068311195,0.04933586337760911,0.04743833017077799,0.07020872865275142,0.04554079696394687,0.015180265654648957,0.028462998102466792,0.056925996204933584
Q92331,0.057777777777777775,0.047407407407407405,0.06518518518518518,0.06814814814814815,0.002962962962962963,0.04,0.1037037037037037,0.04296296296296296,0.013333333333333334,0.05333333333333334,0.08888888888888889,0.0874074074074074,0.016296296296296295,0.047407407407407405,0.037037037037037035,0.1037037037037037,0.05185185185185185,0.008888888888888889,0.017777777777777778,0.045925925925925926
P32849,0.04020530367835757,0.05474764756201882,0.05218135158254919,0.06757912745936698,0.013686911890504704,0.041916167664670656,0.08126603934987169,0.041916167664670656,0.017964071856287425,0.05645851154833191,0.1086398631308811,0.08212147134302823,0.023952095808383235,0.04362703165098375,0.03421727972626176,0.09238665526090675,0.05902480752780154,0.011120615911035072,0.023952095808383235,0.05303678357570573
P10862,0.030800821355236138,0.0513347022587269,0.06365503080082136,0.06365503080082136,0.024640657084188913,0.045174537987679675,0.06981519507186858,0.03696098562628337,0.022587268993839837,0.045174537987679675,0.0944558521560575,0.08418891170431211,0.03285420944558522,0.03490759753593429,0.053388090349075976,0.12525667351129363,0.059548254620123205,0.008213552361396304,0.01642710472279261,0.03696098562628337
P40202,0.07228915662650602,0.028112449799196786,0.08032128514056225,0.04819277108433735,0.028112449799196786,0.028112449799196786,0.06827309236947791,0.06827309236947791,0.020080321285140562,0.07630522088353414,0.05622489959839357,0.08032128514056225,0.012048192771084338,0.0321285140562249,0.040160642570281124,0.08032128514056225,0.0642570281124498,0.01606425702811245,0.024096385542168676,0.07630522088353414
Q00684,0.06715063520871144,0.056261343012704176,0.07985480943738657,0.056261343012704176,0.012704174228675136,0.038112522686025406,0.050816696914700546,0.06533575317604355,0.032667876588021776,0.06170598911070781,0.07622504537205081,0.0544464609800363,0.016333938294010888,0.050816696914700546,0.04900181488203267,0.07985480943738657,0.05263157894736842,0.007259528130671506,0.038112522686025406,0.0544464609800363
Q02100,0.03400309119010819,0.0401854714064915,0.1267387944358578,0.03709428129829984,0.00463678516228748,0.03245749613601236,0.04482225656877898,0.04327666151468315,0.021638330757341576,0.05255023183925812,0.06800618238021638,0.06027820710973725,0.012364760432766615,0.02472952086553323,0.07109737248840804,0.17001545595054096,0.08809891808346214,0.0,0.01854714064914992,0.04945904173106646
P26343,0.026022304832713755,0.03717472118959108,0.07806691449814127,0.04460966542750929,0.02973977695167286,0.026022304832713755,0.07063197026022305,0.04460966542750929,0.03345724907063197,0.04460966542750929,0.12267657992565056,0.10037174721189591,0.007434944237918215,0.026022304832713755,0.07063197026022305,0.08921933085501858,0.07806691449814127,0.007434944237918215,0.01486988847583643,0.048327137546468404
P39928,0.05901639344262295,0.04672131147540984,0.06557377049180328,0.05245901639344262,0.005737704918032787,0.03114754098360656,0.05983606557377049,0.05983606557377049,0.01639344262295082,0.06393442622950819,0.10081967213114754,0.06475409836065574,0.019672131147540985,0.03934426229508197,0.04016393442622951,0.10983606557377049,0.07704918032786885,0.004098360655737705,0.02459016393442623,0.05901639344262295
Q06704,0.04500548847420417,0.03512623490669594,0.08232711306256861,0.059275521405049394,0.003293084522502744,0.04720087815587267,0.14270032930845225,0.01756311745334797,0.012074643249176729,0.048298572996706916,0.13062568605927552,0.14489571899012074,0.010976948408342482,0.009879253567508232,0.012074643249176729,0.09110867178924259,0.052689352360043906,0.0021953896816684962,0.020856201975850714,0.031833150384193196
P54861,0.04227212681638045,0.05019815059445178,0.05812417437252312,0.07529722589167767,0.013210039630118891,0.036988110964332896,0.071334214002642,0.05416116248348745,0.011889035667107,0.07926023778071334,0.1202113606340819,0.07529722589167767,0.01453104359313078,0.02906208718626156,0.04491413474240423,0.07793923381770146,0.05680317040951123,0.001321003963011889,0.02906208718626156,0.05812417437252312
P46954,0.019300361881785282,0.024125452352231604,0.12062726176115803,0.06996381182147166,0.018094089264173704,0.04101326899879373,0.039806996381182146,0.020506634499396863,0.016887816646562123,0.05790108564535585,0.15078407720144751,0.07720144752714113,0.008443908323281062,0.06875753920386007,0.033775633293124246,0.10615199034981906,0.05186972255729795,0.013268998793727383,0.031363088057901084,0.030156815440289506
P43569,0.03806228373702422,0.06228373702422145,0.058823529411764705,0.07958477508650519,0.010380622837370242,0.03460207612456748,0.058823529411764705,0.05536332179930796,0.02422145328719723,0.058823529411764705,0.12110726643598616,0.0657439446366782,0.020761245674740483,0.031141868512110725,0.02768166089965398,0.0657439446366782,0.04152249134948097,0.02422145328719723,0.020761245674740483,0.10034602076124567
P04386,0.04880817253121453,0.04086265607264472,0.07037457434733257,0.0510783200908059,0.02043132803632236,0.05221339387060159,0.04540295119182747,0.032917139614074914,0.019296254256526674,0.06356413166855845,0.10783200908059024,0.053348467650397274,0.021566401816118047,0.043132803632236094,0.05221339387060159,0.11350737797956867,0.07491486946651532,0.01362088535754824,0.03064699205448354,0.04426787741203178
P40969,0.03782894736842105,0.047697368421052634,0.049342105263157895,0.06907894736842106,0.023026315789473683,0.046052631578947366,0.05921052631578947,0.02631578947368421,0.019736842105263157,0.0625,0.12828947368421054,0.06743421052631579,0.02631578947368421,0.05592105263157895,0.03453947368421053,0.07730263157894737,0.05098684210526316,0.01644736842105263,0.049342105263157895,0.05263157894736842
P39113,0.052337752965806,0.04396371249127704,0.09979064898813678,0.05792044661549198,0.011165387299371946,0.04396371249127704,0.0418702023726448,0.041172365666434056,0.018143754361479414,0.04954640614096301,0.11095603628750872,0.07466852756454989,0.025819958129797628,0.0418702023726448,0.04884856943475227,0.104675505931612,0.06838799720865317,0.0034891835310537334,0.02372644801116539,0.03768318213538032
P43609,0.04488330341113106,0.03770197486535009,0.05206463195691203,0.06642728904847396,0.012567324955116697,0.05026929982046679,0.10233393177737882,0.05745062836624776,0.025134649910233394,0.059245960502693,0.08617594254937164,0.09156193895870736,0.01615798922800718,0.03590664272890485,0.03770197486535009,0.07899461400359066,0.0466786355475763,0.008976660682226212,0.025134649910233394,0.06463195691202872
Q12446,0.09636650868878358,0.04897314375987362,0.0631911532385466,0.04107424960505529,0.001579778830963665,0.06477093206951026,0.03475513428120063,0.061611374407582936,0.017377567140600316,0.02843601895734597,0.06635071090047394,0.037914691943127965,0.014218009478672985,0.03317535545023697,0.1769352290679305,0.07424960505529225,0.07424960505529225,0.004739336492890996,0.017377567140600316,0.04265402843601896
P35210,0.038817005545286505,0.04436229205175601,0.11645101663585952,0.07024029574861368,0.014787430683918669,0.033271719038817,0.038817005545286505,0.04066543438077634,0.02033271719038817,0.06099815157116451,0.10351201478743069,0.056377079482439925,0.025878003696857672,0.05083179297597042,0.04251386321626617,0.12014787430683918,0.06377079482439926,0.006469500924214418,0.0166358595194085,0.03512014787430684
P14741,0.07540983606557378,0.05245901639344262,0.03934426229508197,0.06229508196721312,0.009836065573770493,0.019672131147540985,0.07213114754098361,0.05573770491803279,0.019672131147540985,0.08196721311475409,0.09836065573770492,0.04918032786885246,0.02622950819672131,0.04590163934426229,0.03934426229508197,0.06557377049180328,0.06885245901639345,0.006557377049180328,0.029508196721311476,0.08196721311475409
P47011,0.04736842105263158,0.039473684210526314,0.04473684210526316,0.06842105263157895,0.013157894736842105,0.05789473684210526,0.06842105263157895,0.02631578947368421,0.031578947368421054,0.06578947368421052,0.12894736842105264,0.07105263157894737,0.015789473684210527,0.060526315789473685,0.05526315789473684,0.05263157894736842,0.060526315789473685,0.015789473684210527,0.039473684210526314,0.03684210526315789
Q00582,0.025806451612903226,0.03225806451612903,0.08709677419354839,0.04838709677419355,0.016129032258064516,0.03870967741935484,0.06451612903225806,0.035483870967741936,0.02258064516129032,0.07741935483870968,0.10967741935483871,0.09032258064516129,0.04516129032258064,0.07096774193548387,0.01935483870967742,0.1032258064516129,0.035483870967741936,0.00967741935483871,0.016129032258064516,0.05161290322580645
P14904,0.06031128404669261,0.03501945525291829,0.054474708171206226,0.06031128404669261,0.009727626459143969,0.027237354085603113,0.07587548638132295,0.08560311284046693,0.027237354085603113,0.06031128404669261,0.09727626459143969,0.07392996108949416,0.011673151750972763,0.05058365758754864,0.04669260700389105,0.06420233463035019,0.054474708171206226,0.011673151750972763,0.029182879377431907,0.06420233463035019
P35719,0.045662100456621,0.0410958904109589,0.0365296803652968,0.1050228310502283,0.0,0.0410958904109589,0.1141552511415525,0.0365296803652968,0.0091324200913242,0.0593607305936073,0.1232876712328767,0.1050228310502283,0.0045662100456621,0.0593607305936073,0.0319634703196347,0.0776255707762557,0.0410958904109589,0.0045662100456621,0.0091324200913242,0.0547945205479452
P53081,0.08333333333333333,0.034722222222222224,0.052083333333333336,0.0625,0.020833333333333332,0.041666666666666664,0.04861111111111111,0.059027777777777776,0.027777777777777776,0.04513888888888889,0.08333333333333333,0.0763888888888889,0.017361111111111112,0.024305555555555556,0.03125,0.0625,0.0625,0.017361111111111112,0.034722222222222224,0.11458333333333333
P32263,0.0979020979020979,0.006993006993006993,0.03146853146853147,0.024475524475524476,0.024475524475524476,0.038461538461538464,0.08041958041958042,0.09090909090909091,0.013986013986013986,0.045454545454545456,0.0979020979020979,0.07692307692307693,0.03146853146853147,0.013986013986013986,0.04195804195804196,0.08041958041958042,0.06293706293706294,0.0034965034965034965,0.03146853146853147,0.1048951048951049
P46946,0.034782608695652174,0.06376811594202898,0.08115942028985507,0.06666666666666667,0.014492753623188406,0.0463768115942029,0.09565217391304348,0.03188405797101449,0.017391304347826087,0.0463768115942029,0.09855072463768116,0.08985507246376812,0.008695652173913044,0.0463768115942029,0.05217391304347826,0.08115942028985507,0.04057971014492753,0.005797101449275362,0.028985507246376812,0.04927536231884058
Q12020,0.03826530612244898,0.05612244897959184,0.07908163265306123,0.06377551020408163,0.007653061224489796,0.03316326530612245,0.08928571428571429,0.03571428571428571,0.02040816326530612,0.0663265306122449,0.08418367346938775,0.09948979591836735,0.02040816326530612,0.03571428571428571,0.025510204081632654,0.07908163265306123,0.07142857142857142,0.01020408163265306,0.02040816326530612,0.06377551020408163
P38871,0.03677758318739054,0.040280210157618214,0.09106830122591944,0.05604203152364273,0.0070052539404553416,0.050788091068301226,0.09982486865148861,0.028021015761821366,0.01576182136602452,0.0542907180385289,0.07880910683012259,0.09632224168126094,0.017513134851138354,0.04553415061295972,0.043782837127845885,0.09632224168126094,0.06304728546409807,0.010507880910683012,0.02276707530647986,0.04553415061295972
P32318,0.09815950920245399,0.027607361963190184,0.03374233128834356,0.06134969325153374,0.018404907975460124,0.03067484662576687,0.046012269938650305,0.08588957055214724,0.03680981595092025,0.046012269938650305,0.08282208588957055,0.05521472392638037,0.03374233128834356,0.03987730061349693,0.03680981595092025,0.07668711656441718,0.06441717791411043,0.009202453987730062,0.02147239263803681,0.0950920245398773
P41835,0.07777777777777778,0.02962962962962963,0.05,0.05185185185185185,0.027777777777777776,0.03148148148148148,0.053703703703703705,0.08148148148148149,0.012962962962962963,0.07037037037037037,0.09444444444444444,0.06296296296296296,0.022222222222222223,0.03148148148148148,0.046296296296296294,0.07592592592592592,0.07222222222222222,0.007407407407407408,0.022222222222222223,0.07777777777777778
P50623,0.06369426751592357,0.03821656050955414,0.044585987261146494,0.050955414012738856,0.012738853503184714,0.05732484076433121,0.05732484076433121,0.06369426751592357,0.012738853503184714,0.03821656050955414,0.07643312101910828,0.10828025477707007,0.012738853503184714,0.03184713375796178,0.10191082802547771,0.07006369426751592,0.025477707006369428,0.03184713375796178,0.050955414012738856,0.050955414012738856
Q12066,0.0371900826446281,0.05165289256198347,0.07644628099173553,0.05371900826446281,0.006198347107438017,0.03925619834710744,0.05785123966942149,0.03305785123966942,0.022727272727272728,0.0640495867768595,0.10537190082644628,0.07851239669421488,0.02066115702479339,0.07231404958677685,0.0371900826446281,0.10537190082644628,0.0371900826446281,0.014462809917355372,0.05165289256198347,0.03512396694214876
Q99288,0.029940119760479042,0.08982035928143713,0.06287425149700598,0.0688622754491018,0.014970059880239521,0.029940119760479042,0.08083832335329341,0.059880239520958084,0.03592814371257485,0.04790419161676647,0.0718562874251497,0.05688622754491018,0.020958083832335328,0.04790419161676647,0.03592814371257485,0.05688622754491018,0.05389221556886228,0.011976047904191617,0.04491017964071856,0.07784431137724551
P53215,0.046413502109704644,0.029535864978902954,0.0759493670886076,0.04219409282700422,0.02531645569620253,0.029535864978902954,0.07172995780590717,0.04219409282700422,0.02109704641350211,0.07172995780590717,0.0970464135021097,0.0970464135021097,0.012658227848101266,0.08438818565400844,0.03375527426160337,0.05907172995780591,0.05063291139240506,0.012658227848101266,0.05485232067510549,0.04219409282700422
P53238,0.08059701492537313,0.05970149253731343,0.06567164179104477,0.050746268656716415,0.005970149253731343,0.06567164179104477,0.056716417910447764,0.03880597014925373,0.03283582089552239,0.04776119402985075,0.07761194029850746,0.07164179104477612,0.011940298507462687,0.05373134328358209,0.05970149253731343,0.05970149253731343,0.05970149253731343,0.005970149253731343,0.03880597014925373,0.056716417910447764
P38744,0.041666666666666664,0.058333333333333334,0.016666666666666666,0.075,0.008333333333333333,0.016666666666666666,0.05,0.041666666666666664,0.06666666666666667,0.06666666666666667,0.1,0.08333333333333333,0.03333333333333333,0.016666666666666666,0.03333333333333333,0.06666666666666667,0.10833333333333334,0.041666666666666664,0.025,0.05
P47095,0.06967213114754098,0.01639344262295082,0.040983606557377046,0.06967213114754098,0.036885245901639344,0.03278688524590164,0.04918032786885246,0.05327868852459016,0.036885245901639344,0.09836065573770492,0.0778688524590164,0.0860655737704918,0.036885245901639344,0.045081967213114756,0.06967213114754098,0.04918032786885246,0.04918032786885246,0.00819672131147541,0.036885245901639344,0.036885245901639344
Q12358,0.055825242718446605,0.05339805825242718,0.04611650485436893,0.06796116504854369,0.0024271844660194173,0.043689320388349516,0.06796116504854369,0.055825242718446605,0.04611650485436893,0.04611650485436893,0.0970873786407767,0.06310679611650485,0.0024271844660194173,0.04854368932038835,0.06553398058252427,0.07281553398058252,0.050970873786407765,0.012135922330097087,0.038834951456310676,0.06310679611650485
P38820,0.045454545454545456,0.056818181818181816,0.06136363636363636,0.056818181818181816,0.029545454545454545,0.038636363636363635,0.06363636363636363,0.07954545454545454,0.01818181818181818,0.06363636363636363,0.1,0.05454545454545454,0.01818181818181818,0.03636363636363636,0.04772727272727273,0.056818181818181816,0.05,0.0,0.05,0.07272727272727272
P38889,0.05305466237942122,0.03697749196141479,0.1189710610932476,0.04501607717041801,0.008038585209003215,0.06752411575562701,0.04662379421221865,0.04180064308681672,0.03054662379421222,0.05144694533762058,0.09485530546623794,0.04823151125401929,0.022508038585209004,0.03376205787781351,0.05466237942122187,0.09003215434083602,0.08681672025723473,0.003215434083601286,0.017684887459807074,0.04823151125401929
P53093,0.07659574468085106,0.03829787234042553,0.029787234042553193,0.04680851063829787,0.01702127659574468,0.029787234042553193,0.02553191489361702,0.05106382978723404,0.02127659574468085,0.08085106382978724,0.14042553191489363,0.029787234042553193,0.02553191489361702,0.04680851063829787,0.04680851063829787,0.11063829787234042,0.0425531914893617,0.02553191489361702,0.029787234042553193,0.0851063829787234
Q04048,0.05238649592549476,0.050058207217694994,0.04540162980209546,0.05238649592549476,0.01629802095459837,0.03608847497089639,0.0989522700814901,0.03259604190919674,0.01629802095459837,0.07683352735739232,0.10942956926658906,0.06752037252619325,0.01979045401629802,0.04307334109429569,0.03143189755529686,0.08847497089639116,0.047729918509895226,0.02211874272409779,0.048894062863795114,0.04423748544819558
P34730,0.08424908424908426,0.04395604395604396,0.02564102564102564,0.05128205128205128,0.003663003663003663,0.10256410256410256,0.11355311355311355,0.029304029304029304,0.018315018315018316,0.05128205128205128,0.08791208791208792,0.06227106227106227,0.018315018315018316,0.018315018315018316,0.02564102564102564,0.11355311355311355,0.05860805860805861,0.007326007326007326,0.04395604395604396,0.040293040293040296
Q03898,0.020618556701030927,0.06529209621993128,0.0859106529209622,0.048109965635738834,0.006872852233676976,0.05154639175257732,0.07216494845360824,0.041237113402061855,0.01718213058419244,0.07216494845360824,0.09965635738831616,0.10996563573883161,0.027491408934707903,0.030927835051546393,0.054982817869415807,0.09621993127147767,0.061855670103092786,0.0,0.003436426116838488,0.03436426116838488
Q12365,0.02857142857142857,0.08311688311688312,0.07272727272727272,0.08051948051948052,0.005194805194805195,0.04935064935064935,0.09350649350649351,0.04155844155844156,0.023376623376623377,0.03896103896103896,0.1012987012987013,0.07792207792207792,0.015584415584415584,0.04155844155844156,0.03896103896103896,0.08571428571428572,0.04935064935064935,0.005194805194805195,0.04415584415584416,0.023376623376623377
P32504,0.03138075313807531,0.04184100418410042,0.06380753138075314,0.06903765690376569,0.011506276150627616,0.0502092050209205,0.08054393305439331,0.030334728033472803,0.02615062761506276,0.06171548117154812,0.10146443514644352,0.08786610878661087,0.016736401673640166,0.0596234309623431,0.04811715481171548,0.08263598326359832,0.05753138075313807,0.010460251046025104,0.0397489539748954,0.029288702928870293
P53971,0.04145077720207254,0.049740932642487044,0.043523316062176166,0.04870466321243523,0.09533678756476684,0.03419689119170984,0.07253886010362694,0.04766839378238342,0.03316062176165803,0.039378238341968914,0.06839378238341969,0.09015544041450778,0.019689119170984457,0.031088082901554404,0.06528497409326425,0.07564766839378238,0.05906735751295337,0.0051813471502590676,0.024870466321243522,0.054922279792746116
P41921,0.06832298136645963,0.037267080745341616,0.057971014492753624,0.049689440993788817,0.010351966873706004,0.022774327122153208,0.07246376811594203,0.08902691511387163,0.031055900621118012,0.06625258799171843,0.07039337474120083,0.08695652173913043,0.018633540372670808,0.035196687370600416,0.028985507246376812,0.060041407867494824,0.053830227743271224,0.008281573498964804,0.039337474120082816,0.09316770186335403
P15992,0.0514018691588785,0.037383177570093455,0.08411214953271028,0.09813084112149532,0.0,0.02336448598130841,0.056074766355140186,0.07009345794392523,0.014018691588785047,0.04205607476635514,0.07476635514018691,0.09345794392523364,0.004672897196261682,0.0514018691588785,0.06542056074766354,0.07476635514018691,0.03271028037383177,0.009345794392523364,0.03271028037383177,0.08411214953271028
P19262,0.09287257019438445,0.047516198704103674,0.038876889848812095,0.038876889848812095,0.0021598272138228943,0.02159827213822894,0.09071274298056156,0.058315334773218146,0.008639308855291577,0.047516198704103674,0.0755939524838013,0.09287257019438445,0.028077753779697623,0.032397408207343416,0.056155507559395246,0.08423326133909287,0.08423326133909287,0.0021598272138228943,0.017278617710583154,0.07991360691144708
Q12514,0.02857142857142857,0.044642857142857144,0.05892857142857143,0.09107142857142857,0.010714285714285714,0.05357142857142857,0.09464285714285714,0.019642857142857142,0.017857142857142856,0.05,0.08214285714285714,0.10535714285714286,0.02142857142857143,0.048214285714285716,0.05714285714285714,0.0875,0.05,0.010714285714285714,0.03571428571428571,0.03214285714285714
P40316,0.04289544235924933,0.03753351206434316,0.08042895442359249,0.08847184986595175,0.002680965147453083,0.064343163538874,0.0938337801608579,0.05630026809651475,0.013404825737265416,0.03485254691689008,0.12064343163538874,0.0938337801608579,0.010723860589812333,0.01876675603217158,0.05630026809651475,0.08847184986595175,0.04289544235924933,0.0,0.024128686327077747,0.029490616621983913
P38748,0.041025641025641026,0.039316239316239315,0.06495726495726496,0.06666666666666667,0.02735042735042735,0.06495726495726496,0.08717948717948718,0.04786324786324787,0.02735042735042735,0.05299145299145299,0.09230769230769231,0.10085470085470086,0.018803418803418803,0.042735042735042736,0.020512820512820513,0.07008547008547009,0.042735042735042736,0.010256410256410256,0.02735042735042735,0.0547008547008547
